tensor([[[[  -62.7188,   -62.7188,   -62.7188,  ...,  -950.0000,
            -950.0000,  -950.0000],
          [  -62.7188,   -62.7188,   -62.7188,  ...,  -950.0000,
            -950.0000,  -950.0000],
          [  -62.7188,   -62.7188,   -62.7188,  ...,  -950.0000,
            -950.0000,  -950.0000],
          ...,
          [ -540.0000,  -540.0000,  -540.0000,  ...,  -822.0000,
            -822.0000,  -822.0000],
          [ -540.0000,  -540.0000,  -540.0000,  ...,  -822.0000,
            -822.0000,  -822.0000],
          [ -540.0000,  -540.0000,  -540.0000,  ...,  -822.0000,
            -822.0000,  -822.0000]],

         [[-1137.0000, -1137.0000, -1137.0000,  ...,  -256.2500,
            -256.2500,  -256.2500],
          [-1137.0000, -1137.0000, -1137.0000,  ...,  -256.2500,
            -256.2500,  -256.2500],
          [-1137.0000, -1137.0000, -1137.0000,  ...,  -256.2500,
            -256.2500,  -256.2500],
          ...,
          [ -594.0000,  -594.0000,  -594.0000,  ...,  -610.5000,
            -610.5000,  -610.5000],
          [ -594.0000,  -594.0000,  -594.0000,  ...,  -610.5000,
            -610.5000,  -610.5000],
          [ -594.0000,  -594.0000,  -594.0000,  ...,  -610.5000,
            -610.5000,  -610.5000]],

         [[ -258.5000,  -258.5000,  -320.0000,  ...,  -118.6250,
            -106.7500,  -106.7500],
          [ -258.5000,  -258.5000,  -320.0000,  ...,  -118.6250,
            -106.7500,  -106.7500],
          [ -280.2500,  -280.2500,  -340.2500,  ...,  -132.0000,
            -120.0000,  -120.0000],
          ...,
          [ -277.5000,  -277.5000,  -284.2500,  ...,  -215.0000,
            -194.6250,  -194.6250],
          [ -243.5000,  -243.5000,  -246.2500,  ...,  -164.7500,
            -142.1250,  -142.1250],
          [ -243.5000,  -243.5000,  -246.2500,  ...,  -164.7500,
            -142.1250,  -142.1250]],

         [[       nan,        nan,        nan,  ...,        nan,
                  nan,        nan],
          [       nan,        nan,        nan,  ...,        nan,
                  nan,        nan],
          [       nan,        nan,        nan,  ...,        nan,
                  nan,        nan],
          ...,
          [       nan,        nan,        nan,  ...,        nan,
                  nan,        nan],
          [       nan,        nan,        nan,  ...,        nan,
                  nan,        nan],
          [       nan,        nan,        nan,  ...,        nan,
                  nan,        nan]],

         [[       nan,        nan,        nan,  ...,        nan,
                  nan,        nan],
          [       nan,        nan,        nan,  ...,        nan,
                  nan,        nan],
          [       nan,        nan,        nan,  ...,        nan,
                  nan,        nan],
          ...,
          [       nan,        nan,        nan,  ...,        nan,
                  nan,        nan],
          [       nan,        nan,        nan,  ...,        nan,
                  nan,        nan],
          [       nan,        nan,        nan,  ...,        nan,
                  nan,        nan]]],


        [[[  -46.9062,   -46.9062,   -46.9062,  ...,   -65.4375,
             -65.4375,   -65.4375],
          [  -46.9062,   -46.9062,   -46.9062,  ...,   -65.4375,
             -65.4375,   -65.4375],
          [  -46.9062,   -46.9062,   -46.9062,  ...,   -65.4375,
             -65.4375,   -65.4375],
          ...,
          [   -4.4141,    -4.4141,    -4.4141,  ...,   -31.7812,
             -31.7812,   -31.7812],
          [   -4.4141,    -4.4141,    -4.4141,  ...,   -31.7812,
             -31.7812,   -31.7812],
          [   -4.4141,    -4.4141,    -4.4141,  ...,   -31.7812,
             -31.7812,   -31.7812]],

         [[   -6.9922,    -6.9922,    -6.9922,  ...,   -13.0625,
             -13.0625,   -13.0625],
          [   -6.9922,    -6.9922,    -6.9922,  ...,   -13.0625,
             -13.0625,   -13.0625],
          [   -6.9922,    -6.9922,    -6.9922,  ...,   -13.0625,
             -13.0625,   -13.0625],
          ...,
          [  -56.3125,   -56.3125,   -56.3125,  ...,   -48.6875,
             -48.6875,   -48.6875],
          [  -56.3125,   -56.3125,   -56.3125,  ...,   -48.6875,
             -48.6875,   -48.6875],
          [  -56.3125,   -56.3125,   -56.3125,  ...,   -48.6875,
             -48.6875,   -48.6875]],

         [[       nan,        nan,        nan,  ...,        nan,
                  nan,        nan],
          [       nan,        nan,        nan,  ...,        nan,
                  nan,        nan],
          [       nan,        nan,        nan,  ...,        nan,
                  nan,        nan],
          ...,
          [       nan,        nan,        nan,  ...,        nan,
                  nan,        nan],
          [       nan,        nan,        nan,  ...,        nan,
                  nan,        nan],
          [       nan,        nan,        nan,  ...,        nan,
                  nan,        nan]],

         [[       nan,        nan,        nan,  ...,        nan,
                  nan,        nan],
          [       nan,        nan,        nan,  ...,        nan,
                  nan,        nan],
          [       nan,        nan,        nan,  ...,        nan,
                  nan,        nan],
          ...,
          [       nan,        nan,        nan,  ...,        nan,
                  nan,        nan],
          [       nan,        nan,        nan,  ...,        nan,
                  nan,        nan],
          [       nan,        nan,        nan,  ...,        nan,
                  nan,        nan]],

         [[       nan,        nan,        nan,  ...,        nan,
                  nan,        nan],
          [       nan,        nan,        nan,  ...,        nan,
                  nan,        nan],
          [       nan,        nan,        nan,  ...,        nan,
                  nan,        nan],
          ...,
          [       nan,        nan,        nan,  ...,        nan,
                  nan,        nan],
          [       nan,        nan,        nan,  ...,        nan,
                  nan,        nan],
          [       nan,        nan,        nan,  ...,        nan,
                  nan,        nan]]],


        [[[       nan,        nan,        nan,  ...,        nan,
                  nan,        nan],
          [       nan,        nan,        nan,  ...,        nan,
                  nan,        nan],
          [       nan,        nan,        nan,  ...,        nan,
                  nan,        nan],
          ...,
          [       nan,        nan,        nan,  ...,       -inf,
                 -inf,       -inf],
          [       nan,        nan,        nan,  ...,       -inf,
                 -inf,       -inf],
          [       nan,        nan,        nan,  ...,       -inf,
                 -inf,       -inf]],

         [[       nan,        nan,        nan,  ...,        nan,
                  nan,        nan],
          [       nan,        nan,        nan,  ...,        nan,
                  nan,        nan],
          [       nan,        nan,        nan,  ...,        nan,
                  nan,        nan],
          ...,
          [       nan,        nan,        nan,  ...,        nan,
                  nan,        nan],
          [       nan,        nan,        nan,  ...,        nan,
                  nan,        nan],
          [       nan,        nan,        nan,  ...,        nan,
                  nan,        nan]],

         [[       nan,        nan,        nan,  ...,        nan,
                  nan,        nan],
          [       nan,        nan,        nan,  ...,        nan,
                  nan,        nan],
          [       nan,        nan,        nan,  ...,        nan,
                  nan,        nan],
          ...,
          [       nan,        nan,        nan,  ...,        nan,
                  nan,        nan],
          [       nan,        nan,        nan,  ...,        nan,
                  nan,        nan],
          [       nan,        nan,        nan,  ...,        nan,
                  nan,        nan]],

         [[       nan,        nan,        nan,  ...,        nan,
                  nan,        nan],
          [       nan,        nan,        nan,  ...,        nan,
                  nan,        nan],
          [       nan,        nan,        nan,  ...,        nan,
                  nan,        nan],
          ...,
          [       nan,        nan,        nan,  ...,        nan,
                  nan,        nan],
          [       nan,        nan,        nan,  ...,        nan,
                  nan,        nan],
          [       nan,        nan,        nan,  ...,        nan,
                  nan,        nan]],

         [[       nan,        nan,        nan,  ...,        nan,
                  nan,        nan],
          [       nan,        nan,        nan,  ...,        nan,
                  nan,        nan],
          [       nan,        nan,        nan,  ...,        nan,
                  nan,        nan],
          ...,
          [       nan,        nan,        nan,  ...,        nan,
                  nan,        nan],
          [       nan,        nan,        nan,  ...,        nan,
                  nan,        nan],
          [       nan,        nan,        nan,  ...,        nan,
                  nan,        nan]]],


        [[[ -125.3125,  -125.3125,  -125.3125,  ...,   -13.7188,
             -13.7188,   -13.7188],
          [ -125.3125,  -125.3125,  -125.3125,  ...,   -13.7188,
             -13.7188,   -13.7188],
          [ -125.3125,  -125.3125,  -125.3125,  ...,   -13.7188,
             -13.7188,   -13.7188],
          ...,
          [  -27.1875,   -27.1875,   -27.1875,  ...,   -12.6172,
             -12.6172,   -12.6172],
          [  -27.1875,   -27.1875,   -27.1875,  ...,   -12.6172,
             -12.6172,   -12.6172],
          [  -27.1875,   -27.1875,   -27.1875,  ...,   -12.6172,
             -12.6172,   -12.6172]],

         [[  -46.1562,   -46.1562,   -46.1562,  ...,   -25.4062,
             -25.4062,   -25.4062],
          [  -46.1562,   -46.1562,   -46.1562,  ...,   -25.4062,
             -25.4062,   -25.4062],
          [  -46.1562,   -46.1562,   -46.1562,  ...,   -25.4062,
             -25.4062,   -25.4062],
          ...,
          [  -49.1562,   -49.1562,   -49.1562,  ...,   -46.7188,
             -46.7188,   -46.7188],
          [  -49.1562,   -49.1562,   -49.1562,  ...,   -46.7188,
             -46.7188,   -46.7188],
          [  -49.1562,   -49.1562,   -49.1562,  ...,   -46.7188,
             -46.7188,   -46.7188]],

         [[       nan,        nan,        nan,  ...,        nan,
                  nan,        nan],
          [       nan,        nan,        nan,  ...,        nan,
                  nan,        nan],
          [       nan,        nan,        nan,  ...,        nan,
                  nan,        nan],
          ...,
          [       nan,        nan,        nan,  ...,        nan,
                  nan,        nan],
          [       nan,        nan,        nan,  ...,        nan,
                  nan,        nan],
          [       nan,        nan,        nan,  ...,        nan,
                  nan,        nan]],

         [[       nan,        nan,        nan,  ...,        nan,
                  nan,        nan],
          [       nan,        nan,        nan,  ...,        nan,
                  nan,        nan],
          [       nan,        nan,        nan,  ...,        nan,
                  nan,        nan],
          ...,
          [       nan,        nan,        nan,  ...,        nan,
                  nan,        nan],
          [       nan,        nan,        nan,  ...,        nan,
                  nan,        nan],
          [       nan,        nan,        nan,  ...,        nan,
                  nan,        nan]],

         [[       nan,        nan,        nan,  ...,        nan,
                  nan,        nan],
          [       nan,        nan,        nan,  ...,        nan,
                  nan,        nan],
          [       nan,        nan,        nan,  ...,        nan,
                  nan,        nan],
          ...,
          [       nan,        nan,        nan,  ...,        nan,
                  nan,        nan],
          [       nan,        nan,        nan,  ...,        nan,
                  nan,        nan],
          [       nan,        nan,        nan,  ...,        nan,
                  nan,        nan]]]], device='cuda:0', dtype=torch.float16,
       grad_fn=<CatBackward0>)